   0   0   0
 227 213 230
 224 206 230
 220 199 230
 217 192 230
 213 185 230
 210 178 230
 207 171 230
 203 164 230
 200 157 230
 196 150 230
 193 142 230
 189 135 230
 186 128 230
 183 121 230
 179 114 230
 176 107 230
 172 100 230
 169  93 230
 166  86 230
 162  79 230
 159  71 230
 155  64 230
 152  57 230
 148  50 230
 145  43 230
 142  36 230
 138  29 230
 135  22 230
 131  15 230
 128   8 230
 124   0 255
 124   0 255
 120   0 255
 115   0 255
 111   0 255
 106   0 255
 102   0 255
  97   0 255
  93   0 255
  88   0 255
  84   0 255
  79   0 255
  75   0 255
  70   0 255
  66   0 255
  61   0 255
  57   0 255
  52   0 255
  48   0 255
  43   0 255
  39   0 255
  34   0 255
  30   0 255
  25   0 255
  21   0 255
  16   0 255
  12   0 255
   7   0 255
   3   0 255
   0   2 255
   0   6 255
   0  11 255
   0  15 255
   0  20 255
   0  24 255
   0  29 255
   0  33 255
   0  38 255
   0  42 255
   0  47 255
   0  51 255
   0  51 255
   4  55 255
   9  59 255
  14  63 255
  19  67 255
  24  71 255
  28  75 255
  33  79 255
  38  83 255
  43  87 255
  48  91 255
  52  95 255
  57  99 255
  62 103 255
  67 107 255
  72 111 255
  76 115 255
  81 119 255
  86 123 255
  91 127 255
  96 131 255
 100 135 255
 105 139 255
 110 143 255
 115 147 255
 120 151 255
 124 155 255
 129 159 255
 134 163 255
 139 167 255
 144 171 255
 148 175 255
 153 179 255
 158 183 255
 163 187 255
 168 191 255
 172 195 255
 177 199 255
 182 203 255
 187 207 255
 192 211 255
 196 215 255
 201 219 255
 206 223 255
 211 227 255
 216 231 255
 220 235 255
 225 239 255
 230 243 255
 235 247 255
 240 251 255
 255 255 255
 255 255 255
 255 255 255
 255 255 255
 255 255 255
 255 255 255
 255 255 255
 255 255 255
 255 255 255
 255 255 255
 255 255 255
 255 255 255
 255 255 255
 255 255 255
 255 255 255
 255 255 255
 255 255 255
 255 255 255
 255 255 255
 255 255 255
 255 255 255
 255 255 255
 255 255 255
 255 255 255
 255 255 255
 255 255 255
 255 255 255
 255 255 255
 255 255 255
 255 255 255
 255 255 255
 255 255 255
 255 255 255
 255 255 255
 255 255 255
 255 255 255
 255 255 255
 255 255 255
 255 255 255
 255 255 255
 255 255 255
 255 255 255
 255 255 255
 255 255 255
 255 255 255
 255 255 255
 255 255 255
 255 255 255
 255 255 255
 255 255 255
 255 255 255
 255 255 255
 255 255 255
 255 255 255
 255 255 255
 255 255 255
 255 255 255
 255 255 255
 255 255 255
 255 255 255
 255 255 255
 255 255 255
 255 255 255
 255 255 255
 255 255 255
 255 255 255
 255 255 255
 255 255 255
 255 255 255
 255 255 255
 255 255 255
 255 255 255
 255 255 255
 255 255 255
 255 255 255
 255 255 255
 255 255 255
 255 255 255
 255 255 255
 255 255 255
 255 255 255
 255 255 255
 255 255 255
 255 255 255
 255 255 255
 255 255 255
 255 255 255
 255 255 255
 255 255 255
 255 255 255
 255 255 255
 255 255 255
 255 255 255
 255 255 255
 255 255 255
 255 255 255
 255 255 255
 255 255 255
 255 255 255
 255 255 255
 255 255 255
 255 255 255
 255 255 255
 255 255 255
 255 255 255
 255 255 255
 255 255 255
 255 255 255
 255 255 255
 255 255 255
 255 255 255
 255 255 255
 255 255 255
 255 255 255
 255 255 255
 255 255 255
 255 255 255
 255 255 255
 255 255 255
 255 255 255
 255 255 255
 255 255 255
 255 255 255
 255 255 255
 255 255 255
 255 255 255
 255 255 255
 255 255 255
 255 255 255
 255 255 255
 255 255 255
 255 255 255
 255 255 255
